>>>>>>>>>>>>>>>>>>>>>>>>>>>>>>>>>>>>>>>>>>>>>>>>>>>>>>>>>>>>>>>>>>>>>>>>prediso=ALL====================================================
[40171, 16765, 265, 7497, 175, 0, 0, 6293]
[1.0, 0.4173408677901969, 0.006596798685618979, 0.18662716885315278, 0.004356376490503099, 0.0, 0.0, 0.15665529859849145]
>>>>>>>>>>>>>>>>>>>>>>>>>>>>>>>>>>>>>>>>>>>>>>>>>>>>>>>>>>>>>>>>>>>>>>>>>>>>>>>>>>>>>>>>>>>>>>>>>>>>>>>>>>>>>>>>>>>>>>>>>>>>>>>>>

>>>>>>>>>>>>>>>>>>>>>>>>>>>>>>>>>>>>>>>>>>>>>>>>>>>>>>>>>>>>>>>>>>>>>>>>prediso=High Diversity====================================================
[11214, 2814, 65, 2938, 45, 0, 0, 3367]
[1.0, 0.250936329588015, 0.005796326021045122, 0.2619939361512395, 0.0040128410914927765, 0.0, 0.0, 0.30024968789013734]
>>>>>>>>>>>>>>>>>>>>>>>>>>>>>>>>>>>>>>>>>>>>>>>>>>>>>>>>>>>>>>>>>>>>>>>>>>>>>>>>>>>>>>>>>>>>>>>>>>>>>>>>>>>>>>>>>>>>>>>>>>>>>>>>>

>>>>>>>>>>>>>>>>>>>>>>>>>>>>>>>>>>>>>>>>>>>>>>>>>>>>>>>>>>>>>>>>>>>>>>>>prediso=Low Diversity====================================================
[20221, 10731, 94, 2842, 78, 0, 0, 1087]
[1.0, 0.5306859205776173, 0.004648632609663222, 0.14054695613471144, 0.0038573759952524604, 0.0, 0.0, 0.05375599624153108]
>>>>>>>>>>>>>>>>>>>>>>>>>>>>>>>>>>>>>>>>>>>>>>>>>>>>>>>>>>>>>>>>>>>>>>>>>>>>>>>>>>>>>>>>>>>>>>>>>>>>>>>>>>>>>>>>>>>>>>>>>>>>>>>>>
